# 9789 9790 9794 9796 9797 9800 9801 9802 9803 9804 9805 9807 9808 9816 9817 9818 9819 9820 9821 9822
# 9824 9825 9826 9827 9829 9830 9831 9832 9833 9834 9835 9837 9838 9839 9840 9841 9842 9846 9847 9848 
# 9849 9850 9851 9856 9857 9858 9859 9860 9866 9867 9868 9869 9870 9871 9872 9873 9874 9875 9876 9877
# 9878 9879 9880 9881 9882 9883 9884 9885 9886 9889 9890 9891 9892 9893 9894 9895 9896 9897 9898 9899

9900 9901 9902
9904 9905 9906 
9907 9908 9909 
9910 9911 9912
9913 9919 9920
9921 9922 9923 
9926 9927 9928 
9929 9930 9932
9933 9940 9944
9949 9958 9964 
9965 9966 9967 
9968 9972 10020
10021 10022 10026
10027 10028 10029 
10030 10031 10034 
10035 10036 10037
10038 10040 10046
10050 10051 10052 
10053 10054 10055 
10059 10067 10077
10083 10084 10086
10089 10091 10093 
10094 10095 10096 
10099 10100 10121

10122 10123 10124
10125 10126 10128 
10129 10130 10131 
10132 10133 10134
10135 10136 10140
10141 10142 10143 
10144 10145 10147 
10148 10149 10150 
10151 10152 10153 
10154 10155 10156 
10157 10158 10159 
10160 10161 10162 
10163 10164 10165 
10166 10168 10169 
10208 10209 10210 
10211 10212 10213 
10214 10219 10224 
10228 10229 10230 
10231 10232 10233 
10234 10236 10238 
10239 10240 10241 
10242 10243 10244 
10247 10248 10249 
10250 10251 10252 
10253 10254 10255 
10256 10257 10258 
10259 10260 10261 
10262 10263 10264 
10265 10266 10267 
10268 10269 10270 
10271 10272 10273 
10274 10281 10285 
10286 10288 10290 
10292 10293 10294 
10295 10296 10314 

10320 10325 10326 
10327 10352 10356 
10357 10358 10359 
10362 10363 10365 
10366 10367 10368 
10369 10370 10371 
10372 10373 10374 
10375 10376 10377 
10379 10380 10381 
10382 10383 10384 
10385 10386 10387 
10388 10389 10390 
10391 10404 10406 
10407 10408 10409 
10410 10411 10412 
10413 10414 10415 
10416 10417 10418 
10423 10424 10425 
10437 10438 10441 
10443 10455 10458 
10459 10460 10461 
10462 10463 10465 
10466 10467 10468 
10469 10470 10471 
10472 10473 10474 
10475 10476 10477 
10478 10479 10480 
10481 10482 10483 
10484 10485 10486 
10487 10488 10489 
10490 10491 10492 
10496 10497 10498 
10499 10500 10501

10502 10515 10516 
10517 10518 10519 
10520 10521 10522 
10523 10524 10525 
10526 10527 10528 
10529 10530 10531 
10532 10533 10536 
10537 10538 10539 
10540 10541 10542 
10543 10544 10545 
10546 10547 10548 
10549 10550 10551 
10552 10553 10554 
10555 10556 10557 
10561 10562 10563 
10564 10565 10566 
10567 10579 10580 
10581 10582 10583 
10584 10585 10586 
10587 10589 10590 
10591 10592 10593 
10594 10595 10596 
10597 10598 10599 
10600 10601 10602 
10603 10604 10605 
10606 10607 10608 
10609 10610 10611 
10612 10613 10614 
10615 10616 10617 
10618 10619 10620 
10621 10622 10623 
10625 10626 10627 
10628 10629 10630 
10631 10632 10633 
10634 10637 10638 
10639 10640 10641 
10642 10643 10644 
10645 10646 10647 
10648 10649 10650 
10651 10652 10653 
10654 10656 10657 
10658 10659 10667 
10668 10669 10670 
10671 10672 10673 
10674 10675 10676 
10677 10678 10680 
10681 10682 10683 
10684 10685 10686 
10687 10688 10689 
10690 10691 10692 
10693 10694 10695 
10696 10697 10698

10702 10703 10704 
10705 10706 10707 
10708 10709 10710 
10711 10712 10713 
10714 10715 10716 
10717 10726 10727 
10728 10729 10730 
10731 10732 10850 
10851 10852 10853 
10854 10855 10867 
10869 10870 10871 
10872 10873 10874 
10875 10876 10877 
10878 10880 10883 
10884 10885 10886 
10887 10888 10889 
10890 10891 10892 
10893 10894 10895 
10896 10897 10898 
10902 10903 10904

10905 10906 10907 
10908 10909 10910 
10911 10912 10913 
10914 10915 10916 
10917 10918 10919 
10921 10923 10929 
10932 10933 10934 
10936 10937 10938 
10939 10940 10941 
10942 10950 10952 
10956 10957 10962 
10967 10968 10969 
10970 10971 10979 
10980 10981 10982 
10984 10986 10987 
10988 10989 10990 
10991 10992 10993 
10994 10995 10996 
10999 11000 11001 
11002 11003 11004 
11005 11006 11007 
11008 11011 11012 
11013 11014 11015 
11016 11017 11018 
11019 11020 11021 
11022 11023 11024 
11025 11026 11027 
11028 11029 11030 
11031 11032 11033 
11034 11035 11036 
11037 11038 11039